// Red 
0040   04 00 00 00 00 00 00 00 3c 00 00 00 00 00 00 00
0050   00 00 00 00 00 00 00 00 00 00 00 00 00 00 00 00
0060   00 00 00 00 00 00 00 00 00 00 00 00 00 00 00 00
0070   00 00 00 00 00 00 00 00 00 00 00 00 00 00 00 00
0080   00 00 00 00 00 00 00 35 80 00 01 04 05 07 10 80
0090   80 80 80 80 80 80 80 80 80 80 00 00 00 28 00 00
                   R  G  B
00a0   92 04 00 00 ff 00 00 00 00 ff 00 ff 00 ff 00 ff

00b0   ff ff 00 ff 03 6a ff ff ff 00 00 00 cb 34 78 ff
00c0   ff 00 00 ff 00 00 ff ff 00 00 ff ff 00 ff ff ff
00d0   ff 00 00 00 00 00 00 00 00 00

// Black
0040   04 00 00 00 00 00 00 00 3c 00 00 00 00 00 00 00
0050   00 00 00 00 00 00 00 00 00 00 00 00 00 00 00 00
0060   00 00 00 00 00 00 00 00 00 00 00 00 00 00 00 00
0070   00 00 00 00 00 00 00 00 00 00 00 00 00 00 00 00
0080   00 00 00 00 00 00 00 35 80 00 01 04 05 07 10 80
0090   80 80 80 80 80 80 80 80 80 80 00 00 00 28 00 00

                   R  G  B
00a0   92 04 00 00 00 00 00 00 00 ff 00 ff 00 ff 00 ff

00b0   ff ff 00 ff 03 6a ff ff ff 00 00 00 cb 34 78 ff
00c0   ff 00 00 ff 00 00 ff ff 00 00 ff ff 00 ff ff ff
00d0   ff 00 00 00 00 00 00 00 00 00

// Green
0040   04 00 00 00 00 00 00 00 3c 00 00 00 00 00 00 00
0050   00 00 00 00 00 00 00 00 00 00 00 00 00 00 00 00
0060   00 00 00 00 00 00 00 00 00 00 00 00 00 00 00 00
0070   00 00 00 00 00 00 00 00 00 00 00 00 00 00 00 00
0080   00 00 00 00 00 00 00 35 80 00 01 04 05 07 10 80
0090   80 80 80 80 80 80 80 80 80 80 00 00 00 28 00 00
                   R  G  B
00a0   92 04 00 00 00 ff 00 00 00 ff 00 ff 00 ff 00 ff

00b0   ff ff 00 ff 03 6a ff ff ff 00 00 00 cb 34 78 ff
00c0   ff 00 00 ff 00 00 ff ff 00 00 ff ff 00 ff ff ff
00d0   ff 00 00 00 00 00 00 00 00 00

// Blue
0040   04 00 00 00 00 00 00 00 3c 00 00 00 00 00 00 00
0050   00 00 00 00 00 00 00 00 00 00 00 00 00 00 00 00
0060   00 00 00 00 00 00 00 00 00 00 00 00 00 00 00 00
0070   00 00 00 00 00 00 00 00 00 00 00 00 00 00 00 00
0080   00 00 00 00 00 00 00 35 80 00 01 04 05 07 10 80
0090   80 80 80 80 80 80 80 80 80 80 00 00 00 28 00 00
                   R  G  B
00a0   92 04 00 00 00 00 ff 00 00 ff 00 ff 00 ff 00 ff

00b0   ff ff 00 ff 03 6a ff ff ff 00 00 00 cb 34 78 ff
00c0   ff 00 00 ff 00 00 ff ff 00 00 ff ff 00 ff ff ff
00d0   ff 00 00 00 00 00 00 00 00 00

// White
0040   04 00 00 00 00 00 00 00 3c 00 00 00 00 00 00 00
0050   00 00 00 00 00 00 00 00 00 00 00 00 00 00 00 00
0060   00 00 00 00 00 00 00 00 00 00 00 00 00 00 00 00
0070   00 00 00 00 00 00 00 00 00 00 00 00 00 00 00 00
0080   00 00 00 00 00 00 00 35 80 00 01 04 05 07 10 80
0090   80 80 80 80 80 80 80 80 80 80 00 00 00 28 00 00
                   R  G  B
00a0   92 04 00 00 ff ff ff 00 00 ff 00 ff 00 ff 00 ff

00b0   ff ff 00 ff 03 6a ff ff ff 00 00 00 cb 34 78 ff
00c0   ff 00 00 ff 00 00 ff ff 00 00 ff ff 00 ff ff ff
00d0   ff 00 00 00 00 00 00 00 00 00
